1 0.2658582089552239 0.8311567164179103 0.035447761194029856 0.050373134328358306
1 0.34235074626865675 0.5755597014925373 0.016791044776119434 0.046641791044776115
1 0.5 0.7061567164179103 0.01865671641791046 0.050373134328358306
1 0.5139925373134328 0.7574626865671641 0.016791044776119365 0.04850746268656721
2 0.5886194029850746 0.6277985074626866 0.013059701492537315 0.05410447761194021
2 0.24813432835820895 0.21455223880597013 0.43656716417910446 0.10074626865671639
2 0.2434701492537313 0.34328358208955223 0.4384328358208955 0.10447761194029848
2 0.2416044776119403 0.47108208955223874 0.44589552238805963 0.10634328358208954
2 0.24067164179104472 0.6007462686567164 0.44776119402985065 0.10820895522388049
2 0.2416044776119403 0.7294776119402985 0.4496268656716418 0.10447761194029852
2 0.23787313432835824 0.8535447761194028 0.45335820895522394 0.10261194029850734
2 0.24626865671641793 0.9600746240188827 0.4253731343283582 0.07686566594821301
2 0.7425373134328359 0.9664179104477612 0.5149253731343283 0.06343283582089555
2 0.7425373134328359 0.8572761194029852 0.5149253731343283 0.08768656716417908
2 0.7434701492537313 0.7313432835820897 0.5018656716417911 0.08955223880597017
2 0.7378731343283582 0.601679104477612 0.5205223880597015 0.09888059701492537
2 0.7425373134328359 0.4757462686567165 0.5149253731343283 0.11194029850746269
2 0.7425373134328359 0.34421641791044777 0.5149253731343283 0.1175373134328358
2 0.7397388059701493 0.21548507462686564 0.5205223880597015 0.10634328358208958
2 0.7453358208955224 0.09794776119402986 0.5093283582089552 0.09141791044776121
