2 0.6044776119402985 0.6772388059701493 0.044776119402985086 0.04850746268656721
2 0.22761194029850748 0.951492537313433 0.45149253731343286 0.09701492537313428
2 0.7658582089552236 0.9449626865671644 0.4682835820895522 0.11007462686567174
2 0.7677238805970148 0.7957089552238807 0.4645522388059702 0.12873134328358204
2 0.23134328358208955 0.8059701492537313 0.4626865671641791 0.1343283582089552
2 0.23134328358208955 0.6343283582089553 0.4626865671641791 0.13432835820895533
2 0.769589552238806 0.6240671641791046 0.46082089552238803 0.13246268656716423
2 0.23134328358208955 0.4598880597014926 0.4626865671641791 0.13246268656716417
2 0.7705223880597015 0.44962686567164184 0.458955223880597 0.1305970149253732
2 0.23134328358208955 0.2826492537313433 0.4626865671641791 0.12126865671641793
2 0.7733208955223881 0.27798507462686567 0.45335820895522383 0.13059701492537312
2 0.24253731343283577 0.12033582089552242 0.48507462686567154 0.10634328358208961
2 0.7733208955223881 0.11567164179104478 0.45335820895522383 0.12313432835820898
